{
"InputOffset": [-0.567221, 0.000163, -0.023683, -0.004112, -0.933857, -0.075080, 0.013085, 0.020470, 0.018838, -0.215316, -0.034813, -0.933546, -0.068261, 0.033794, -0.033446, 0.031893, 0.166324, -0.061733, -0.912271, -0.043752, 0.009291, 0.104202, 0.197784, 0.299505, -0.052896, -0.584525, -0.027300, -0.012605, 0.592046, 0.363586, 0.307435, -0.054748, -0.631326, -0.033206, -0.015491, 0.562431, 0.025570, 0.150797, 0.104938, -0.917413, -0.070885, 0.034405, 0.100597, 0.203196, 0.350840, 0.154508, -0.740987, -0.076923, -0.005669, 0.547181, 0.354892, 0.436209, 0.179137, -0.821800, -0.053798, 0.015961, 0.398924, -1.208754, 1.139450, -0.239978, -0.853973, -0.568028, 1.144231, -1.469828, 1.454935, -0.382075, -0.790367, -0.519988, 1.343553, -0.879047, 0.740564, -0.130650, -0.712848, -0.685634, 2.235842, -0.701526, -0.036864, -0.261780, -0.784365, -0.688851, 3.560264, -0.747973, -0.575318, -0.473744, -0.710363, -0.588120, 3.355090, -0.857167, 0.734533, -0.129828, -0.966071, -0.264519, 1.780868, -0.471790, 0.059105, -0.004749, -0.792438, -0.124075, 1.970326, -0.301264, -0.369703, 0.023856, -0.772912, -0.353286, 1.591160, 0.000000, 0.000000, 0.000000, 0.000000, 0.000000, 0.000000, 0.000000, 0.000000, 0.000000, 0.000000, 0.000000, 0.000000, 0.000000, 0.000000, 0.000000, 0.000000, 0.000000, 0.000000, 0.000000, 0.000000],
"InputScale": [4.492140, 50.000000, 50.000000, 50.000000, 8.812049, 4.725954, 10.214474, 4.285599, 9.846895, 14.899331, 10.585314, 9.140795, 4.942329, 7.792184, 4.377115, 10.242658, 14.373665, 12.127258, 7.399298, 4.773175, 6.926219, 3.729369, 5.745169, 4.600477, 7.067206, 3.762564, 5.111957, 6.023024, 2.422239, 4.780975, 2.930785, 6.097276, 3.772877, 4.976022, 5.681608, 2.652417, 11.138164, 13.878401, 14.691895, 8.345932, 4.813942, 6.491106, 4.056122, 4.727595, 5.046151, 5.645516, 5.768630, 4.713467, 6.721642, 4.546079, 3.620323, 3.480455, 4.187103, 6.022198, 5.012921, 5.942805, 3.872809, 1.560457, 1.239838, 1.661765, 0.305856, 0.335093, 0.202083, 1.295287, 0.934928, 1.305289, 0.292211, 0.302128, 0.198124, 1.146250, 1.296076, 1.608198, 0.259948, 0.279192, 0.227428, 0.709128, 0.823926, 0.933940, 0.246247, 0.262221, 0.178022, 0.503260, 0.499709, 0.583187, 0.196162, 0.197759, 0.139436, 1.281683, 1.411552, 1.585323, 0.268342, 0.264305, 0.225297, 0.801749, 1.102601, 1.162783, 0.257074, 0.249405, 0.212299, 0.660498, 0.709980, 0.797863, 0.200998, 0.187344, 0.145766, 1.000000, 1.000000, 1.000000, 1.000000, 1.000000, 1.000000, 1.000000, 1.000000, 1.000000, 1.000000, 1.000000, 1.000000, 1.000000, 1.000000, 1.000000, 1.000000, 1.000000, 1.000000, 1.000000, 1.000000],
"OutputOffset": [-0.500000],
"OutputScale": [2.000000]
}