{
"InputOffset": [-0.856523, -0.004114, -0.029680, -0.000110, -0.997263, -0.001842, 0.000129, 0.068726, -0.035239, -0.266977, -0.000604, -0.996954, -0.001201, -0.000297, 0.063522, 0.000042, 0.205642, -0.099909, -0.988612, 0.036039, 0.084699, -0.003336, 0.052115, 0.597090, -0.119279, -0.983297, 0.023937, 0.088329, 0.134122, 0.060248, 0.827049, -0.132729, -0.992474, -0.003476, 0.087504, 0.023705, -0.019289, 0.202825, 0.099477, -0.985408, -0.027236, -0.082508, -0.049803, -0.000025, 0.595319, 0.116174, -0.987328, -0.012547, -0.083610, 0.099904, -0.007684, 0.826986, 0.126926, -0.992815, -0.001672, -0.081714, 0.005597, -0.495954, -0.005954, -0.034550, 0.105695, 0.153519, 0.054233, -0.592676, 0.005087, -0.031690, -0.041857, -0.034043, 0.555989, -0.454136, 0.003226, -0.033049, -0.224497, -0.148828, 0.147969, -0.265912, -0.034000, 0.017295, -0.364726, -0.061079, 0.898753, -0.066292, -0.060713, 0.056637, -0.198720, 0.336752, 0.698568, -0.439605, 0.030408, -0.091958, 0.364926, 0.754327, 0.390221, -0.198900, 0.014862, -0.183867, 0.410182, 0.715439, 0.958310, 0.005340, -0.010312, -0.220282, 0.108786, -0.140016, 0.450961, 0.000000, 0.000000, 0.000000, 0.000000, 0.000000, 0.000000, 0.000000, 0.000000, 0.000000, 0.000000, 0.000000],
"InputScale": [1.000000, 1.000000, 1.000000, 1.000000, 1.000000, 1.000000, 1.000000, 1.000000, 1.000000, 1.000000, 1.000000, 1.000000, 1.000000, 1.000000, 1.000000, 1.000000, 1.000000, 1.000000, 1.000000, 1.000000, 1.000000, 1.000000, 1.000000, 1.000000, 1.000000, 1.000000, 1.000000, 1.000000, 1.000000, 1.000000, 1.000000, 1.000000, 1.000000, 1.000000, 1.000000, 1.000000, 1.000000, 1.000000, 1.000000, 1.000000, 1.000000, 1.000000, 1.000000, 1.000000, 1.000000, 1.000000, 1.000000, 1.000000, 1.000000, 1.000000, 1.000000, 1.000000, 1.000000, 1.000000, 1.000000, 1.000000, 1.000000, 1.000000, 1.000000, 1.000000, 1.000000, 1.000000, 1.000000, 1.000000, 1.000000, 1.000000, 1.000000, 1.000000, 1.000000, 1.000000, 1.000000, 1.000000, 1.000000, 0.922765, 1.000000, 1.000000, 1.000000, 1.000000, 1.000000, 1.000000, 1.000000, 1.000000, 1.000000, 1.000000, 1.000000, 1.000000, 0.979961, 1.000000, 1.000000, 1.000000, 1.000000, 1.000000, 1.000000, 1.000000, 1.000000, 1.000000, 1.000000, 1.000000, 1.000000, 1.000000, 1.000000, 1.000000, 1.000000, 1.000000, 1.000000, 1.000000, 1.000000, 1.000000, 1.000000, 1.000000, 1.000000, 1.000000, 1.000000, 1.000000, 1.000000, 1.000000],
"OutputOffset": [0.000000, 0.000000, 0.000000, 0.000000, 0.000000],
"OutputScale": [1.000000, 1.000000, 0.500000, 0.500000, 0.318310]
}